7
11
13
18
23
23
29
31
36
39
42
46
49
52
55
59
62
63
67
69
74
75
78
81
84
87
89
91
94
97
99
103
103
105
108
110
114
115
117
119
121
123
126
127
129
132
133
136
135
139
140
143
145
146
147
149
151
151
155
155
156
157
159
162
163
164
167
166
167
170
171
173
174
173
176
176
178
179
180
181
182
184
184
185
187
187
189
189
191
191
191
193
194
194
195
196
197
198
198
201
199
201
203
203
204
204
206
206
207
207
209
210
210
210
211
211
212
214
213
213
214
216
215
215
215
216
218
219
219
220
220
219
221
220
221
222
221
223
224
223
225
225
225
226
225
227
226
227
227
228
229
228
229
229
230
230
231
230
231
230
232
232
231
232
232
234
234
234
234
235
233
235
235
235
235
235
235
237
237
237
237
237
238
237
238
238
238
239
238
238
238
238
239
239
239
240
240
240
240
241
240
241
242
241
241
242
242
242
242
241
241
242
243
242
242
243
242
244
242
244
244
243
244
245
245
244
244
244
245
244
245
245
245
245
246
246
245
246
246
246
244
245
245
247
246
247
246
247
247
245
248
246
247
246
246
247
247
248
248
248
248
247
247
248
247
247
247
249
244
240
237
232
228
225
222
220
216
212
208
206
202
200
196
194
192
187
184
181
179
176
173
172
168
166
164
160
158
154
153
152
148
145
144
142
139
138
136
133
132
130
128
124
124
120
120
117
116
114
112
111
109
107
106
104
103
100
100
98
96
96
93
92
91
90
89
87
86
84
83
82
80
80
78
77
76
74
74
72
72
70
70
68
67
66
65
65
63
62
61
60
59
59
57
58
56
55
56
54
53
51
51
50
50
50
48
48
47
46
46
44
44
43
42
43
42
40
40
40
39
38
37
37
37
36
36
35
34
34
34
34
33
33
32
32
31
30
30
30
28
27
28
28
27
26
27
26
26
25
24
25
25
24
23
23
23
22
22
23
22
20
21
20
19
19
20
19
18
19
17
18
17
17
18
17
17
17
17
17
16
16
15
15
15
14
14
15
13
13
15
14
14
14
12
13
12
12
12
12
11
12
11
12
10
10
10
11
10
11
10
10
10
9
10
10
10
9
8
9
9
9
9
8
9
9
9
7
8
8
7
8
7
7
7
7
7
8
7
7
7
6
6
6
5